1	1	1	1
1.0133779264214	1	1.0133779264214	1.02693482175815
1.02675585284281	1	1.02675585284281	1.05422758134696
1.04013377926421	1	1.04013377926421	1.08187827876646
1.05351170568562	1	1.05351170568562	1.10988691401662
1.06688963210702	1	1.06688963210702	1.13825348709746
1.08026755852843	1	1.08026755852843	1.16697799800897
1.09364548494983	1	1.09364548494983	1.19606044675115
1.10702341137124	1	1.10702341137124	1.22550083332401
1.12040133779264	1	1.12040133779264	1.25529915772754
1.13377926421405	1	1.13377926421405	1.28545541996175
1.14715719063545	1	1.14715719063545	1.31596962002662
1.16053511705686	1	1.16053511705686	1.34684175792217
1.17391304347826	1	1.17391304347826	1.37807183364839
1.18729096989967	1	1.18729096989967	1.40965984720529
1.20066889632107	1	1.20066889632107	1.44160579859286
1.21404682274247	1	1.21404682274247	1.4739096878111
1.22742474916388	1	1.22742474916388	1.50657151486001
1.24080267558528	1	1.24080267558528	1.5395912797396
1.25418060200669	1	1.25418060200669	1.57296898244986
1.26755852842809	1	1.26755852842809	1.60670462299079
1.2809364548495	1	1.2809364548495	1.6407982013624
1.2943143812709	1	1.2943143812709	1.67524971756468
1.30769230769231	1	1.30769230769231	1.71005917159763
1.32107023411371	1	1.32107023411371	1.74522656346126
1.33444816053512	1	1.33444816053512	1.78075189315556
1.34782608695652	1	1.34782608695652	1.81663516068053
1.36120401337793	1	1.36120401337793	1.85287636603617
1.37458193979933	1	1.37458193979933	1.88947550922249
1.38795986622074	1	1.38795986622074	1.92643259023948
1.40133779264214	1	1.40133779264214	1.96374760908715
1.41471571906355	1	1.41471571906355	2.00142056576548
1.42809364548495	1	1.42809364548495	2.03945146027449
1.44147157190635	1	1.44147157190635	2.07784029261418
1.45484949832776	1	1.45484949832776	2.11658706278453
1.46822742474916	1	1.46822742474916	2.15569177078556
1.48160535117057	1	1.48160535117057	2.19515441661726
1.49498327759197	1	1.49498327759197	2.23497500027964
1.50836120401338	1	1.50836120401338	2.27515352177269
1.52173913043478	1	1.52173913043478	2.31568998109641
1.53511705685619	1	1.53511705685619	2.3565843782508
1.54849498327759	1	1.54849498327759	2.39783671323587
1.561872909699	1	1.561872909699	2.43944698605161
1.5752508361204	1	1.5752508361204	2.48141519669802
1.58862876254181	1	1.58862876254181	2.52374134517511
1.60200668896321	1	1.60200668896321	2.56642543148287
1.61538461538462	1	1.61538461538462	2.6094674556213
1.62876254180602	1	1.62876254180602	2.65286741759041
1.64214046822742	1	1.64214046822742	2.69662531739019
1.65551839464883	1	1.65551839464883	2.74074115502064
1.66889632107023	1	1.66889632107023	2.78521493048176
1.68227424749164	1	1.68227424749164	2.83004664377356
1.69565217391304	1	1.69565217391304	2.87523629489603
1.70903010033445	1	1.70903010033445	2.92078388384917
1.72240802675585	1	1.72240802675585	2.96668941063299
1.73578595317726	1	1.73578595317726	3.01295287524748
1.74916387959866	1	1.74916387959866	3.05957427769264
1.76254180602007	1	1.76254180602007	3.10655361796848
1.77591973244147	1	1.77591973244147	3.15389089607499
1.78929765886288	1	1.78929765886288	3.20158611201217
1.80267558528428	1	1.80267558528428	3.24963926578002
1.81605351170569	1	1.81605351170569	3.29805035737855
1.82943143812709	1	1.82943143812709	3.34681938680775
1.84280936454849	1	1.84280936454849	3.39594635406763
1.8561872909699	1	1.8561872909699	3.44543125915817
1.8695652173913	1	1.8695652173913	3.49527410207939
1.88294314381271	1	1.88294314381271	3.54547488283129
1.89632107023411	1	1.89632107023411	3.59603360141385
1.90969899665552	1	1.90969899665552	3.64695025782709
1.92307692307692	1	1.92307692307692	3.69822485207101
1.93645484949833	1	1.93645484949833	3.74985738414559
1.94983277591973	1	1.94983277591973	3.80184785405085
1.96321070234114	1	1.96321070234114	3.85419626178678
1.97658862876254	1	1.97658862876254	3.90690260735339
1.98996655518395	1	1.98996655518395	3.95996689075066
2.00334448160535	1	2.00334448160535	4.01338911197861
2.01672240802676	1	2.01672240802676	4.06716927103724
2.03010033444816	1	2.03010033444816	4.12130736792653
2.04347826086957	1	2.04347826086957	4.1758034026465
2.05685618729097	1	2.05685618729097	4.23065737519715
2.07023411371237	1	2.07023411371237	4.28586928557846
2.08361204013378	1	2.08361204013378	4.34143913379045
2.09698996655518	1	2.09698996655518	4.39736691983311
2.11036789297659	1	2.11036789297659	4.45365264370645
2.12374581939799	1	2.12374581939799	4.51029630541045
2.1371237458194	1	2.1371237458194	4.56729790494514
2.1505016722408	1	2.1505016722408	4.62465744231049
2.16387959866221	1	2.16387959866221	4.68237491750652
2.17725752508361	1	2.17725752508361	4.74045033053322
2.19063545150502	1	2.19063545150502	4.79888368139059
2.20401337792642	1	2.20401337792642	4.85767497007863
2.21739130434783	1	2.21739130434783	4.91682419659735
2.23076923076923	1	2.23076923076923	4.97633136094675
2.24414715719064	1	2.24414715719064	5.03619646312681
2.25752508361204	1	2.25752508361204	5.09641950313755
2.27090301003344	1	2.27090301003344	5.15700048097896
2.28428093645485	1	2.28428093645485	5.21793939665104
2.29765886287625	1	2.29765886287625	5.2792362501538
2.31103678929766	1	2.31103678929766	5.34089104148723
2.32441471571906	1	2.32441471571906	5.40290377065133
2.33779264214047	1	2.33779264214047	5.46527443764611
2.35117056856187	1	2.35117056856187	5.52800304247156
2.36454849498328	1	2.36454849498328	5.59108958512768
2.37792642140468	1	2.37792642140468	5.65453406561448
2.39130434782609	1	2.39130434782609	5.71833648393195
2.40468227424749	1	2.40468227424749	5.78249684008009
2.4180602006689	1	2.4180602006689	5.8470151340589
2.4314381270903	1	2.4314381270903	5.91189136586839
2.44481605351171	1	2.44481605351171	5.97712553550855
2.45819397993311	1	2.45819397993311	6.04271764297938
2.47157190635451	1	2.47157190635451	6.10866768828089
2.48494983277592	1	2.48494983277592	6.17497567141307
2.49832775919732	1	2.49832775919732	6.24164159237592
2.51170568561873	1	2.51170568561873	6.30866545116945
2.52508361204013	1	2.52508361204013	6.37604724779365
2.53846153846154	1	2.53846153846154	6.44378698224852
2.55183946488294	1	2.55183946488294	6.51188465453406
2.56521739130435	1	2.56521739130435	6.58034026465028
2.57859531772575	1	2.57859531772575	6.64915381259717
2.59197324414716	1	2.59197324414716	6.71832529837474
2.60535117056856	1	2.60535117056856	6.78785472198298
2.61872909698997	1	2.61872909698997	6.85774208342188
2.63210702341137	1	2.63210702341137	6.92798738269147
2.64548494983278	1	2.64548494983278	6.99859061979172
2.65886287625418	1	2.65886287625418	7.06955179472265
2.67224080267559	1	2.67224080267559	7.14087090748426
2.68561872909699	1	2.68561872909699	7.21254795807653
2.69899665551839	1	2.69899665551839	7.28458294649948
2.7123745819398	1	2.7123745819398	7.3569758727531
2.7257525083612	1	2.7257525083612	7.42972673683739
2.73913043478261	1	2.73913043478261	7.50283553875236
2.75250836120401	1	2.75250836120401	7.576302278498
2.76588628762542	1	2.76588628762542	7.65012695607432
2.77926421404682	1	2.77926421404682	7.7243095714813
2.79264214046823	1	2.79264214046823	7.79885012471896
2.80602006688963	1	2.80602006688963	7.87374861578729
2.81939799331104	1	2.81939799331104	7.9490050446863
2.83277591973244	1	2.83277591973244	8.02461941141598
2.84615384615385	1	2.84615384615385	8.10059171597633
2.85953177257525	1	2.85953177257525	8.17692195836735
2.87290969899666	1	2.87290969899666	8.25361013858905
2.88628762541806	1	2.88628762541806	8.33065625664143
2.89966555183946	1	2.89966555183946	8.40806031252447
2.91304347826087	1	2.91304347826087	8.48582230623819
2.92642140468227	1	2.92642140468227	8.56394223778257
2.93979933110368	1	2.93979933110368	8.64242010715764
2.95317725752508	1	2.95317725752508	8.72125591436337
2.96655518394649	1	2.96655518394649	8.80044965939978
2.97993311036789	1	2.97993311036789	8.88000134226687
2.9933110367893	1	2.9933110367893	8.95991096296462
3.0066889632107	1	3.0066889632107	9.04017852149305
3.02006688963211	1	3.02006688963211	9.12080401785215
3.03344481605351	1	3.03344481605351	9.20178745204192
3.04682274247492	1	3.04682274247492	9.28312882406237
3.06020066889632	1	3.06020066889632	9.36482813391349
3.07357859531773	1	3.07357859531773	9.44688538159529
3.08695652173913	1	3.08695652173913	9.52930056710775
3.10033444816054	1	3.10033444816054	9.61207369045089
3.11371237458194	1	3.11371237458194	9.6952047516247
3.12709030100334	1	3.12709030100334	9.77869375062919
3.14046822742475	1	3.14046822742475	9.86254068746434
3.15384615384615	1	3.15384615384615	9.94674556213018
3.16722408026756	1	3.16722408026756	10.0313083746267
3.18060200668896	1	3.18060200668896	10.1162291249539
3.19397993311037	1	3.19397993311037	10.2015078131117
3.20735785953177	1	3.20735785953177	10.2871444391002
3.22073578595318	1	3.22073578595318	10.3731390029194
3.23411371237458	1	3.23411371237458	10.4594915045693
3.24749163879599	1	3.24749163879599	10.5462019440498
3.26086956521739	1	3.26086956521739	10.6332703213611
3.2742474916388	1	3.2742474916388	10.7206966365029
3.2876254180602	1	3.2876254180602	10.8084808894755
3.30100334448161	1	3.30100334448161	10.8966230802787
3.31438127090301	1	3.31438127090301	10.9851232089127
3.32775919732441	1	3.32775919732441	11.0739812753772
3.34113712374582	1	3.34113712374582	11.1631972796725
3.35451505016722	1	3.35451505016722	11.2527712217984
3.36789297658863	1	3.36789297658863	11.342703101755
3.38127090301003	1	3.38127090301003	11.4329929195423
3.39464882943144	1	3.39464882943144	11.5236406751602
3.40802675585284	1	3.40802675585284	11.6146463686089
3.42140468227425	1	3.42140468227425	11.7060099998881
3.43478260869565	1	3.43478260869565	11.7977315689981
3.44816053511706	1	3.44816053511706	11.8898110759387
3.46153846153846	1	3.46153846153846	11.9822485207101
3.47491638795987	1	3.47491638795987	12.075043903312
3.48829431438127	1	3.48829431438127	12.1681972237447
3.50167224080268	1	3.50167224080268	12.261708482008
3.51505016722408	1	3.51505016722408	12.355577678102
3.52842809364549	1	3.52842809364549	12.4498048120267
3.54180602006689	1	3.54180602006689	12.5443898837821
3.55518394648829	1	3.55518394648829	12.6393328933681
3.5685618729097	1	3.5685618729097	12.7346338407848
3.5819397993311	1	3.5819397993311	12.8302927260321
3.59531772575251	1	3.59531772575251	12.9263095491102
3.60869565217391	1	3.60869565217391	13.0226843100189
3.62207357859532	1	3.62207357859532	13.1194170087583
3.63545150501672	1	3.63545150501672	13.2165076453284
3.64882943143813	1	3.64882943143813	13.3139562197291
3.66220735785953	1	3.66220735785953	13.4117627319605
3.67558528428094	1	3.67558528428094	13.5099271820226
3.68896321070234	1	3.68896321070234	13.6084495699153
3.70234113712375	1	3.70234113712375	13.7073298956388
3.71571906354515	1	3.71571906354515	13.8065681591928
3.72909698996656	1	3.72909698996656	13.9061643605776
3.74247491638796	1	3.74247491638796	14.0061184997931
3.75585284280936	1	3.75585284280936	14.1064305768392
3.76923076923077	1	3.76923076923077	14.207100591716
3.78260869565217	1	3.78260869565217	14.3081285444234
3.79598662207358	1	3.79598662207358	14.4095144349616
3.80936454849498	1	3.80936454849498	14.5112582633304
3.82274247491639	1	3.82274247491639	14.6133600295299
3.83612040133779	1	3.83612040133779	14.71581973356
3.8494983277592	1	3.8494983277592	14.8186373754209
3.8628762541806	1	3.8628762541806	14.9218129551124
3.87625418060201	1	3.87625418060201	15.0253464726345
3.88963210702341	1	3.88963210702341	15.1292379279874
3.90301003344482	1	3.90301003344482	15.2334873211709
3.91638795986622	1	3.91638795986622	15.3380946521851
3.92976588628763	1	3.92976588628763	15.44305992103
3.94314381270903	1	3.94314381270903	15.5483831277055
3.95652173913043	1	3.95652173913043	15.6540642722117
3.96989966555184	1	3.96989966555184	15.7601033545486
3.98327759197324	1	3.98327759197324	15.8665003747162
3.99665551839465	1	3.99665551839465	15.9732553327144
4.01003344481605	1	4.01003344481605	16.0803682285433
4.02341137123746	1	4.02341137123746	16.1878390622029
4.03678929765886	1	4.03678929765886	16.2956678336931
4.05016722408027	1	4.05016722408027	16.4038545430141
4.06354515050167	1	4.06354515050167	16.5123991901657
4.07692307692308	1	4.07692307692308	16.6213017751479
4.09030100334448	1	4.09030100334448	16.7305622979609
4.10367892976589	1	4.10367892976589	16.8401807586045
4.11705685618729	1	4.11705685618729	16.9501571570788
4.1304347826087	1	4.1304347826087	17.0604914933837
4.1438127090301	1	4.1438127090301	17.1711837675194
4.1571906354515	1	4.1571906354515	17.2822339794857
4.17056856187291	1	4.17056856187291	17.3936421292827
4.18394648829431	1	4.18394648829431	17.5054082169103
4.19732441471572	1	4.19732441471572	17.6175322423687
4.21070234113712	1	4.21070234113712	17.7300142056577
4.22408026755853	1	4.22408026755853	17.8428541067773
4.23745819397993	1	4.23745819397993	17.9560519457277
4.25083612040134	1	4.25083612040134	18.0696077225087
4.26421404682274	1	4.26421404682274	18.1835214371204
4.27759197324415	1	4.27759197324415	18.2977930895628
4.29096989966555	1	4.29096989966555	18.4124226798358
4.30434782608696	1	4.30434782608696	18.5274102079395
4.31772575250836	1	4.31772575250836	18.6427556738739
4.33110367892977	1	4.33110367892977	18.758459077639
4.34448160535117	1	4.34448160535117	18.8745204192347
4.35785953177258	1	4.35785953177258	18.9909396986611
4.37123745819398	1	4.37123745819398	19.1077169159182
4.38461538461539	1	4.38461538461539	19.2248520710059
4.39799331103679	1	4.39799331103679	19.3423451639243
4.41137123745819	1	4.41137123745819	19.4601961946734
4.4247491638796	1	4.4247491638796	19.5784051632532
4.438127090301	1	4.438127090301	19.6969720696637
4.45150501672241	1	4.45150501672241	19.8158969139048
4.46488294314381	1	4.46488294314381	19.9351796959766
4.47826086956522	1	4.47826086956522	20.054820415879
4.49163879598662	1	4.49163879598662	20.1748190736122
4.50501672240803	1	4.50501672240803	20.295175669176
4.51839464882943	1	4.51839464882943	20.4158902025704
4.53177257525084	1	4.53177257525084	20.5369626737956
4.54515050167224	1	4.54515050167224	20.6583930828514
4.55852842809364	1	4.55852842809364	20.7801814297379
4.57190635451505	1	4.57190635451505	20.9023277144551
4.58528428093645	1	4.58528428093645	21.0248319370029
4.59866220735786	1	4.59866220735786	21.1476940973815
4.61204013377926	1	4.61204013377926	21.2709141955906
4.62541806020067	1	4.62541806020067	21.3944922316305
4.63879598662207	1	4.63879598662207	21.5184282055011
4.65217391304348	1	4.65217391304348	21.6427221172023
4.66555183946488	1	4.66555183946488	21.7673739667341
4.67892976588629	1	4.67892976588629	21.8923837540967
4.69230769230769	1	4.69230769230769	22.0177514792899
4.7056856187291	1	4.7056856187291	22.1434771423138
4.7190635451505	1	4.7190635451505	22.2695607431684
4.73244147157191	1	4.73244147157191	22.3960022818537
4.74581939799331	1	4.74581939799331	22.5228017583696
4.75919732441472	1	4.75919732441472	22.6499591727162
4.77257525083612	1	4.77257525083612	22.7774745248935
4.78595317725753	1	4.78595317725753	22.9053478149014
4.79933110367893	1	4.79933110367893	23.03357904274
4.81270903010033	1	4.81270903010033	23.1621682084093
4.82608695652174	1	4.82608695652174	23.2911153119093
4.83946488294314	1	4.83946488294314	23.4204203532399
4.85284280936455	1	4.85284280936455	23.5500833324012
4.86622073578595	1	4.86622073578595	23.6801042493932
4.87959866220736	1	4.87959866220736	23.8104831042158
4.89297658862876	1	4.89297658862876	23.9412198968692
4.90635451505017	1	4.90635451505017	24.0723146273532
4.91973244147157	1	4.91973244147157	24.2037672956678
4.93311036789298	1	4.93311036789298	24.3355779018132
4.94648829431438	1	4.94648829431438	24.4677464457892
4.95986622073579	1	4.95986622073579	24.6002729275959
4.97324414715719	1	4.97324414715719	24.7331573472333
4.9866220735786	1	4.9866220735786	24.8663997047013
5	1	5	25
