0.0078125 4.8475707649937
0.015625 4.15006336281286
0.0234375 3.74033618848567
0.03125 3.44848911704994
0.0390625 3.22127656796242
0.046875 3.03498097008888
0.0546875 2.87695018225476
0.0625 2.73963161138143
0.0703125 2.61815334365766
0.078125 2.50918857772702
0.0859375 2.41036418371875
0.09375 2.3199277010192
0.1015625 2.2365480862133
0.109375 2.15919051277131
0.1171875 2.08703446983056
0.125 2.01941834734442
0.1328125 1.95580085040723
0.140625 1.89573345923467
0.1484375 1.83884034501768
0.15625 1.78480344331741
0.1640625 1.73335117299333
0.171875 1.68424978179977
0.1796875 1.63729661726761
0.1875 1.59231483071043
0.1953125 1.54914916299631
0.203125 1.50766255729333
0.2109375 1.46773341137482
0.21875 1.42925332982408
0.2265625 1.39212527081355
0.234375 1.35626200714692
0.2421875 1.32158483970048
0.25 1.28802251515743
0.2578125 1.25551031029774
0.265625 1.22398925299675
0.2734375 1.19340545614526
0.28125 1.16370954539721
0.2890625 1.13485616531466
0.296875 1.10680355136168
0.3046875 1.07951315748149
0.3125 1.05294933081101
0.3203125 1.02707902654767
0.328125 1.00187155716158
0.3359375 0.977298371103683
0.34375 0.953332856940169
0.3515625 0.929950169484784
0.359375 0.907127075027597
0.3671875 0.884841813195992
0.375 0.863073973346876
0.3828125 0.841804383692327
0.390625 0.821015011615264
0.3984375 0.800688873845655
0.40625 0.780809955348568
0.4140625 0.761363135928552
0.421875 0.742334123685059
0.4296875 0.723709394564814
0.4375 0.705476137352132
0.4453125 0.687622203519943
0.453125 0.670136061434348
0.4609375 0.653006754466443
0.46875 0.636223862617527
0.4765625 0.619777467309395
0.484375 0.603658119031139
0.4921875 0.587856807568302
0.5 0.572364934570578
0.5078125 0.557174288240684
0.515625 0.542277019950144
0.5234375 0.527665622608387
0.53125 0.513332910629305
0.5390625 0.49927200135558
0.546875 0.485476297814979
0.5546875 0.471939472695412
0.5625 0.458655453436564
0.5703125 0.445618408345787
0.578125 0.432822733654851
0.5859375 0.420263041441658
0.59375 0.407934148348516
0.6015625 0.395831065034429
0.609375 0.383948986304727
0.6171875 0.372283281866308
0.625 0.360829487661416
0.6328125 0.349583297736815
0.640625 0.338540556609152
0.6484375 0.327697252090337
0.65625 0.31704950854009
0.6640625 0.306593580515278
0.671875 0.296325846788364
0.6796875 0.286242804709293
0.6875 0.276341064887473
0.6953125 0.266617346172086
0.703125 0.257068470910832
0.7109375 0.24769136046869
0.71875 0.238483030989686
0.7265625 0.229440589385982
0.734375 0.220561229539696
0.7421875 0.211842228703994
0.75 0.203280944091058
0.7578125 0.194874809635206
0.765625 0.186621332920586
0.7734375 0.178518092263306
0.78125 0.170562733938789
0.7890625 0.162752969545796
0.796875 0.155086573498909
0.8046875 0.147561380642082
0.8125 0.140175283976298
0.8203125 0.132926232494728
0.828125 0.125812229119374
0.8359375 0.118831328733455
0.84375 0.111981636304248
0.8515625 0.105261305091427
0.859375 0.0986685349361789
0.8671875 0.0922015706267583
0.875 0.0858587003364458
0.8828125 0.0796382541299878
0.890625 0.0735386025349576
0.8984375 0.0675581551746283
0.90625 0.0616953594592935
0.9140625 0.0559486993327942
0.921875 0.0503166940717941
0.9296875 0.0447978971348344
0.9375 0.0393908950588619
0.9453125 0.0340943064008544
0.953125 0.0289067807222884
0.9609375 0.0238269976144056
0.96875 0.0188536657623025
0.9765625 0.0139855220459714
0.984375 0.00922133067655486
0.9921875 0.00455988236614
1 -1.09350976051914E-08
1.0078125 -0.00445949892591836
1.015625 -0.00881972054680919
1.0234375 -0.0130817867658417
1.03125 -0.0172467857497881
1.0390625 -0.0213157835231012
1.046875 -0.0252898246026789
1.0546875 -0.0291699326095451
1.0625 -0.032957110858347
1.0703125 -0.0366523429257421
1.078125 -0.0402565931985489
1.0859375 -0.043770807402492
1.09375 -0.0471959131124192
1.1015625 -0.050532820244785
1.109375 -0.0537824215330526
1.1171875 -0.056945592986843
1.125 -0.0600231943354142
1.1328125 -0.0630160694561733
1.140625 -0.0659250467887834
1.1484375 -0.0687509397355008
1.15625 -0.0714945470482178
1.1640625 -0.0741566532028686
1.171875 -0.0767380287615267
1.1796875 -0.0792394307228594
1.1875 -0.0816616028612438
1.1953125 -0.0840052760551038
1.203125 -0.0862711686048002
1.2109375 -0.0884599865404722
1.21875 -0.0905724239203313
1.2265625 -0.09260916311959
1.234375 -0.0945708751105424
1.2421875 -0.0964582197339945
1.25 -0.0982718459624626
1.2578125 -0.100012392155395
1.265625 -0.101680486306708
1.2734375 -0.103276746284942
1.28125 -0.104801780066295
1.2890625 -0.106256185960733
1.296875 -0.107640552831553
1.3046875 -0.108955460308479
1.3125 -0.110201478994666
1.3203125 -0.111379170667644
1.328125 -0.112489088474667
1.3359375 -0.113531777122372
1.34375 -0.114507773061187
1.3515625 -0.115417604664514
1.359375 -0.116261792402925
1.3671875 -0.117040849013567
1.375 -0.11775527966485
1.3828125 -0.118405582116663
1.390625 -0.118992246876207
1.3984375 -0.119515757349637
1.40625 -0.119976589989621
1.4140625 -0.120375214438944
1.421875 -0.120712093670284
1.4296875 -0.120987684122332
1.4375 -0.121202435832336
1.4453125 -0.121356792565124
1.453125 -0.121451191938849
1.4609375 -0.121486065547454
1.46875 -0.121461839079989
1.4765625 -0.121378932436911
1.484375 -0.121237759843386
1.4921875 -0.121038729959783
1.5 -0.120782245989367
1.5078125 -0.120468705783296
1.515625 -0.120098501943048
1.5234375 -0.119672021920264
1.53125 -0.119189648114205
1.5390625 -0.118651757966778
1.546875 -0.118058724055279
1.5546875 -0.117410914182889
1.5625 -0.116708691466998
1.5703125 -0.11595241442544
1.578125 -0.115142437060597
1.5859375 -0.114279108941648
1.59375 -0.113362775284771
1.6015625 -0.112393777031504
1.609375 -0.111372450925298
1.6171875 -0.110299129586288
1.625 -0.109174141584319
1.6328125 -0.107997811510363
1.640625 -0.106770460046212
1.6484375 -0.105492404032682
1.65625 -0.104163956536213
1.6640625 -0.102785426914022
1.671875 -0.101357120877745
1.6796875 -0.0998793405557407
1.6875 -0.0983523845539377
1.6953125 -0.0967765480153913
1.703125 -0.0951521226785198
1.7109375 -0.0934793969340776
1.71875 -0.0917586558808909
1.7265625 -0.0899901813803795
1.734375 -0.0881742521099168
1.7421875 -0.0863111436150822
1.75 -0.0844011283607229
1.7578125 -0.0824444757810285
1.765625 -0.0804414523284588
1.7734375 -0.0783923215217214
1.78125 -0.0762973439927371
1.7890625 -0.0741567775325617
1.796875 -0.0719708771364376
1.8046875 -0.0697398950478989
1.8125 -0.0674640808019462
1.8203125 -0.0651436812673661
1.828125 -0.0627789406881757
1.8359375 -0.0603701007242556
1.84375 -0.0579174004911494
1.8515625 -0.0554210765990463
1.859375 -0.052881363191022
1.8671875 -0.0502984919805247
1.875 -0.0476726922880768
1.8828125 -0.0450041910772888
1.890625 -0.0422932129901641
1.8984375 -0.0395399803817388
1.90625 -0.036744713353959
1.9140625 -0.0339076297890668
1.921875 -0.0310289453821583
1.9296875 -0.0281088736732534
1.9375 -0.0251476260787092
1.9453125 -0.0221454119220217
1.953125 -0.0191024384640722
1.9609375 -0.0160189109327941
1.96875 -0.0128950325522778
1.9765625 -0.00973100457134468
1.984375 -0.0065270262915843
1.9921875 -0.0032832950948859
2 -1.09350976051914E-08
2.0078125 0.00332264151613659
2.015625 0.00668446598915606
2.0234375 0.0100852725156927
2.03125 0.0135248729169656
2.0390625 0.0170030807790355
2.046875 0.0205197114286153
2.0546875 0.0240745819092671
2.0625 0.0276675109580878
2.0703125 0.0312983189827657
2.078125 0.0349668280390386
2.0859375 0.0386728618085825
2.09375 0.042416245577268
2.1015625 0.0461968062137661
2.109375 0.0500143721485909
2.1171875 0.0538687733534471
2.125 0.0577598413209692
2.1328125 0.061687409044784
2.140625 0.0656513109999358
2.1484375 0.0696513831236183
2.15625 0.0736874627962801
2.1640625 0.0777593888229734
2.171875 0.0818670014151118
2.1796875 0.0860101421724477
2.1875 0.0901886540654154
2.1953125 0.0944023814177145
2.203125 0.0986511698892117
2.2109375 0.102934866459157
2.21875 0.107253319409589
2.2265625 0.111606378309101
2.234375 0.115993893996807
2.2421875 0.12041571856662
2.25 0.124871705351747
2.2578125 0.129361708909451
2.265625 0.133885585006059
2.2734375 0.138443190602203
2.28125 0.143034383838286
2.2890625 0.147659024020231
2.296875 0.152316971605373
2.3046875 0.157008088188659
2.3125 0.161732236488976
2.3203125 0.166489280335812
2.328125 0.171279084655978
2.3359375 0.176101515460671
2.34375 0.180956439832649
2.3515625 0.185843725913648
2.359375 0.190763242891986
2.3671875 0.19571486099033
2.375 0.200698451453684
2.3828125 0.205713886537549
2.390625 0.210761039496261
2.3984375 0.215839784571501
2.40625 0.220949996980972
2.4140625 0.226091552907265
2.421875 0.231264329486894
2.4296875 0.236468204799472
2.4375 0.241703057857033
2.4453125 0.246968768593584
2.453125 0.252265217854735
2.4609375 0.257592287387515
2.46875 0.262949859830343
2.4765625 0.268337818703114
2.484375 0.273756048397483
2.4921875 0.27920443416723
2.5 0.284682862118797
2.5078125 0.290191219201972
2.515625 0.295729393200663
2.5234375 0.301297272723865
2.53125 0.306894747196695
2.5390625 0.312521706851593
2.546875 0.318178042719639
2.5546875 0.323863646621986
2.5625 0.329578411161422
2.5703125 0.335322229714019
2.578125 0.341094996420991
2.5859375 0.346896606180522
2.59375 0.352726954639829
2.6015625 0.358585938187287
2.609375 0.364473453944666
2.6171875 0.370389399759464
2.625 0.376333674197382
2.6328125 0.382306176534831
2.640625 0.38830680675164
2.6484375 0.394335465523767
2.65625 0.400392054216182
2.6640625 0.406476474875785
2.671875 0.412588630224489
2.6796875 0.418728423652305
2.6875 0.42489575921061
2.6953125 0.431090541605451
2.703125 0.437312676190952
2.7109375 0.443562068962806
2.71875 0.449838626551853
2.7265625 0.456142256217756
2.734375 0.462472865842745
2.7421875 0.468830363925419
2.75 0.4752146595747
2.7578125 0.481625662503774
2.765625 0.48806328302421
2.7734375 0.494527432040064
2.78125 0.501018021042086
2.7890625 0.507534962102061
2.796875 0.514078167867141
2.8046875 0.520647551554277
2.8125 0.527243026944747
2.8203125 0.533864508378717
2.828125 0.540511910749909
2.8359375 0.547185149500286
2.84375 0.553884140614844
2.8515625 0.560608800616468
2.859375 0.567359046560836
2.8671875 0.574134796031369
2.875 0.580935967134297
2.8828125 0.587762478493749
2.890625 0.594614249246905
2.8984375 0.601491199039192
2.90625 0.608393248019626
2.9140625 0.615320316836043
2.921875 0.622272326630587
2.9296875 0.629249199035107
2.9375 0.636250856166656
2.9453125 0.643277220623069
2.953125 0.650328215478557
2.9609375 0.657403764279373
2.96875 0.664503791039528
2.9765625 0.671628220236558
2.984375 0.678776976807335
2.9921875 0.685949986143923
3 0.693147169624848
3.0078125 0.700368462491739
3.015625 0.707613786991156
3.0234375 0.714883070295613
3.03125 0.722176240012876
3.0390625 0.729493224182112
3.046875 0.736833951270095
3.0546875 0.744198350167415
3.0625 0.751586350184787
3.0703125 0.758997881049371
3.078125 0.76643287290112
3.0859375 0.773891256289215
3.09375 0.781372962168507
3.1015625 0.788877921895988
3.109375 0.796406067227349
3.1171875 0.803957330313531
3.125 0.811531643697349
3.1328125 0.819128940310127
3.140625 0.826749153468389
3.1484375 0.834392216870572
3.15625 0.842058064593813
3.1640625 0.849746631090695
3.171875 0.857457851186132
3.1796875 0.865191660074196
3.1875 0.872947993315048
3.1953125 0.880726786831843
3.203125 0.888527976907708
3.2109375 0.896351500182778
3.21875 0.904197293651178
3.2265625 0.912065294658134
3.234375 0.919955440897043
3.2421875 0.927867670406624
3.25 0.935801921568076
3.2578125 0.943758133102266
3.265625 0.951736244066961
3.2734375 0.959736193854078
3.28125 0.967757922186951
3.2890625 0.975801369117681
3.296875 0.983866475024438
3.3046875 0.991953180608862
3.3125 1.00006142689342
3.3203125 1.00819115521889
3.328125 1.01634230724176
3.3359375 1.02451482493174
3.34375 1.03270865056923
3.3515625 1.04092372674291
3.359375 1.04915999634724
3.3671875 1.05741740258008
3.375 1.06569588894029
3.3828125 1.07399539922534
3.390625 1.08231587752902
3.3984375 1.09065726823908
3.40625 1.09901951603493
3.4140625 1.10740256588539
3.421875 1.11580636304647
3.4296875 1.12423085305909
3.4375 1.1326759817469
3.4453125 1.14114169521412
3.453125 1.14962793984337
3.4609375 1.15813466229353
3.46875 1.16666180949764
3.4765625 1.17520932866078
3.484375 1.18377716725804
3.4921875 1.19236527303246
3.5 1.20097359399295
3.5078125 1.20960207841237
3.515625 1.21825067482545
3.5234375 1.2269193320269
3.53125 1.23560799906941
3.5390625 1.24431662526171
3.546875 1.25304516016673
3.5546875 1.26179355359962
3.5625 1.27056175562595
3.5703125 1.27934971655977
3.578125 1.2881573869619
3.5859375 1.29698471763797
3.59375 1.3058316596367
3.6015625 1.31469816424811
3.609375 1.32358418300175
3.6171875 1.33248966766491
3.625 1.34141457024097
3.6328125 1.35035884296758
3.640625 1.35932243831504
3.6484375 1.3683053089846
3.65625 1.37730740790677
3.6640625 1.38632868823969
3.671875 1.39536910336748
3.6796875 1.40442860689863
3.6875 1.41350715266439
3.6953125 1.42260469471719
3.703125 1.43172118732906
3.7109375 1.44085658499005
3.71875 1.45001084240671
3.7265625 1.45918391450057
3.734375 1.46837575640659
3.7421875 1.47758632347167
3.75 1.48681557125318
3.7578125 1.49606345551745
3.765625 1.50532993223837
3.7734375 1.51461495759586
3.78125 1.5239184879745
3.7890625 1.53324047996208
3.796875 1.54258089034822
3.8046875 1.55193967612294
3.8125 1.56131679447529
3.8203125 1.57071220279198
3.828125 1.58012585865606
3.8359375 1.58955771984552
3.84375 1.59900774433197
3.8515625 1.60847589027934
3.859375 1.61796211604258
3.8671875 1.62746638016632
3.875 1.63698864138361
3.8828125 1.64652885861466
3.890625 1.65608699096556
3.8984375 1.66566299772701
3.90625 1.67525683837315
3.9140625 1.68486847256024
3.921875 1.6944978601255
3.9296875 1.7041449610859
3.9375 1.71380973563693
3.9453125 1.72349214415146
3.953125 1.73319214717853
3.9609375 1.74290970544218
3.96875 1.75264477984034
3.9765625 1.76239733144364
3.984375 1.77216732149429
3.9921875 1.78195471140495
4 1.79175945829296
4.0078125 1.80158153285991
4.015625 1.81142089253637
4.0234375 1.82127749940578
4.03125 1.83115131571653
4.0390625 1.84104230388094
4.046875 1.85095042647417
4.0546875 1.86087564623316
4.0625 1.87081792605563
4.0703125 1.88077722899901
4.078125 1.89075351827944
4.0859375 1.90074675727072
4.09375 1.91075690950337
4.1015625 1.92078393866356
4.109375 1.93082780859217
4.1171875 1.94088848328378
4.125 1.95096592688571
4.1328125 1.96106010369708
4.140625 1.97117097816779
4.1484375 1.98129851489764
4.15625 1.99144267863535
4.1640625 2.00160343427762
4.171875 2.01178074686825
4.1796875 2.02197458159717
4.1875 2.03218490379959
4.1953125 2.04241167895503
4.203125 2.05265487268644
4.2109375 2.0629144507594
4.21875 2.07319037908109
4.2265625 2.08348262369955
4.234375 2.09379115080274
4.2421875 2.1041159267177
4.25 2.11445691790972
4.2578125 2.12481409098145
4.265625 2.1351874126721
4.2734375 2.1455768498566
4.28125 2.15598236954475
4.2890625 2.16640393888045
4.296875 2.17684152514083
4.3046875 2.18729509573552
4.3125 2.19776461820576
4.3203125 2.20825006022369
4.328125 2.21875138959152
4.3359375 2.22926857424075
4.34375 2.23980158223141
4.3515625 2.25035038175131
4.359375 2.26091494111523
4.3671875 2.27149522876421
4.375 2.28209121326478
4.3828125 2.29270286330822
4.390625 2.30333014770981
4.3984375 2.31397303540815
4.40625 2.32463149546435
4.4140625 2.33530549706137
4.421875 2.3459950095033
4.4296875 2.35670000221464
4.4375 2.36742044473959
4.4453125 2.37815630674135
4.453125 2.38890755800145
4.4609375 2.39967416841905
4.46875 2.41045610801025
4.4765625 2.4212533469074
4.484375 2.43206585535849
4.4921875 2.44289360372641
4.5 2.45373656248832
4.5078125 2.46459470223501
4.515625 2.4754679936702
4.5234375 2.48635640760997
4.53125 2.49725991498202
4.5390625 2.50817848682513
4.546875 2.51911209428846
4.5546875 2.53006070863096
4.5625 2.54102430122072
4.5703125 2.55200284353436
4.578125 2.56299630715647
4.5859375 2.5740046637789
4.59375 2.58502788520022
4.6015625 2.59606594332514
4.609375 2.60711881016387
4.6171875 2.61818645783153
4.625 2.62926885854761
4.6328125 2.64036598463531
4.640625 2.65147780852107
4.6484375 2.66260430273388
4.65625 2.6737454399048
4.6640625 2.68490119276635
4.671875 2.69607153415196
4.6796875 2.70725643699543
4.6875 2.71845587433033
4.6953125 2.72966981928951
4.703125 2.74089824510452
4.7109375 2.75214112510507
4.71875 2.76339843271851
4.7265625 2.77467014146929
4.734375 2.78595622497843
4.7421875 2.79725665696297
4.75 2.8085714112355
4.7578125 2.8199004617036
4.765625 2.83124378236935
4.7734375 2.84260134732882
4.78125 2.85397313077151
4.7890625 2.86535910697995
4.796875 2.8767592503291
4.8046875 2.88817353528591
4.8125 2.89960193640882
4.8203125 2.91104442834724
4.828125 2.92250098584112
4.8359375 2.93397158372042
4.84375 2.94545619690466
4.8515625 2.95695480040242
4.859375 2.96846736931089
4.8671875 2.9799938788154
4.875 2.99153430418892
4.8828125 3.00308862079167
4.890625 3.01465680407059
4.8984375 3.02623882955891
4.90625 3.03783467287573
4.9140625 3.04944430972549
4.921875 3.06106771589761
4.9296875 3.07270486726602
4.9375 3.08435573978868
4.9453125 3.0960203095072
4.953125 3.10769855254638
4.9609375 3.11939044511375
4.96875 3.13109596349921
4.9765625 3.14281508407455
4.984375 3.15454778329305
4.9921875 3.16629403768904
5 3.17805381941285
5.0078125 3.18982711411106
5.015625 3.20161389407192
5.0234375 3.2134141361499
5.03125 3.22522781727848
5.0390625 3.23705491446975
5.046875 3.24889540481404
5.0546875 3.26074926547943
5.0625 3.27261647371149
5.0703125 3.28449700683276
5.078125 3.29639084224246
5.0859375 3.30829795741603
5.09375 3.3202183299048
5.1015625 3.33215193733557
5.109375 3.34409875741026
5.1171875 3.35605876790552
5.125 3.36803194667236
5.1328125 3.38001827163576
5.140625 3.39201772079434
5.1484375 3.40403027221996
5.15625 3.41605590405737
5.1640625 3.42809459452384
5.171875 3.44014632190882
5.1796875 3.45221106457356
5.1875 3.46428880095078
5.1953125 3.47637950954428
5.203125 3.48848316892861
5.2109375 3.50059975774878
5.21875 3.51272925471979
5.2265625 3.52487163862641
5.234375 3.53702688832277
5.2421875 3.54919498273202
5.25 3.56137590084605
5.2578125 3.57356962172508
5.265625 3.58577612449739
5.2734375 3.59799538835896
5.28125 3.61022739257315
5.2890625 3.62247211647036
5.296875 3.63472953944773
5.3046875 3.64699964096882
5.3125 3.65928240056324
5.3203125 3.67157779782641
5.328125 3.68388581241918
5.3359375 3.69620642406757
5.34375 3.70853961256238
5.3515625 3.72088535775897
5.359375 3.73324363957692
5.3671875 3.74561443799969
5.375 3.75799773307436
5.3828125 3.77039350491129
5.390625 3.78280173368389
5.3984375 3.79522239962822
5.40625 3.80765548304279
5.4140625 3.82010096428819
5.421875 3.83255882378686
5.4296875 3.84502904202278
5.4375 3.85751159954112
5.4453125 3.87000647694806
5.453125 3.88251365491043
5.4609375 3.89503311415544
5.46875 3.90756483547043
5.4765625 3.92010879970252
5.484375 3.93266498775844
5.4921875 3.94523338060414
5.5 3.95781395926459
5.5078125 3.97040670482349
5.515625 3.98301159842296
5.5234375 3.99562862126334
5.53125 4.00825775460287
5.5390625 4.02089897975742
5.546875 4.03355227810028
5.5546875 4.04621763106183
5.5625 4.05889502012933
5.5703125 4.0715844268466
5.578125 4.08428583281386
5.5859375 4.09699921968737
5.59375 4.10972456917923
5.6015625 4.12246186305711
5.609375 4.13521108314402
5.6171875 4.14797221131801
5.625 4.160745229512
5.6328125 4.17353011971342
5.640625 4.1863268639641
5.6484375 4.19913544435989
5.65625 4.21195584305053
5.6640625 4.22478804223933
5.671875 4.23763202418298
5.6796875 4.25048777119126
5.6875 4.26335526562686
5.6953125 4.2762344899051
5.703125 4.28912542649372
5.7109375 4.30202805791264
5.71875 4.31494236673371
5.7265625 4.32786833558051
5.734375 4.34080594712812
5.7421875 4.35375518410285
5.75 4.36671602928205
5.7578125 4.37968846549388
5.765625 4.39267247561709
5.7734375 4.4056680425808
5.78125 4.41867514936422
5.7890625 4.43169377899654
5.796875 4.44472391455663
5.8046875 4.45776553917281
5.8125 4.47081863602272
5.8203125 4.48388318833301
5.828125 4.49695917937919
5.8359375 4.5100465924854
5.84375 4.52314541102418
5.8515625 4.53625561841628
5.859375 4.54937719813045
5.8671875 4.56251013368323
5.875 4.57565440863873
5.8828125 4.58881000660845
5.890625 4.60197691125108
5.8984375 4.61515510627222
5.90625 4.62834457542431
5.9140625 4.64154530250631
5.921875 4.65475727136358
5.9296875 4.66798046588762
5.9375 4.68121487001592
5.9453125 4.69446046773176
5.953125 4.70771724306398
5.9609375 4.72098518008682
5.96875 4.73426426291971
5.9765625 4.74755447572709
5.984375 4.76085580271822
5.9921875 4.77416822814696
6 4.78749173184695
6.0078125 4.80082630711211
6.015625 4.81417193384226
6.0234375 4.8275285964679
6.03125 4.84089627946321
6.0390625 4.85427496734591
6.046875 4.86766464467702
6.0546875 4.88106529606072
6.0625 4.89447690614415
6.0703125 4.90789945961724
6.078125 4.92133294121252
6.0859375 4.93477733570498
6.09375 4.94823262791183
6.1015625 4.96169880269238
6.109375 4.97517584494784
6.1171875 4.98866373962116
6.125 5.00216247169683
6.1328125 5.01567202620075
6.140625 5.02919238820004
6.1484375 5.04272354280285
6.15625 5.05626547515823
6.1640625 5.06981817045591
6.171875 5.08338161392622
6.1796875 5.09695579083981
6.1875 5.11054068650759
6.1953125 5.12413628628051
6.203125 5.13774257554938
6.2109375 5.15135953974478
6.21875 5.16498716433682
6.2265625 5.17862543483503
6.234375 5.19227433678816
6.2421875 5.20593385578409
6.25 5.21960397744958
6.2578125 5.23328468745019
6.265625 5.24697597149008
6.2734375 5.26067781531188
6.28125 5.27439020469649
6.2890625 5.28811312546302
6.296875 5.30184656346851
6.3046875 5.3155905046079
6.3125 5.32934493481377
6.3203125 5.34310984005631
6.328125 5.35688520634303
6.3359375 5.37067101971874
6.34375 5.38446726626531
6.3515625 5.39827393210158
6.359375 5.41209100338319
6.3671875 5.42591846630243
6.375 5.43975630708809
6.3828125 5.45360451200534
6.390625 5.46746306735557
6.3984375 5.48133195947627
6.40625 5.49521117474084
6.4140625 5.50910069955848
6.421875 5.52300052037405
6.4296875 5.53691062366795
6.4375 5.55083099595592
6.4453125 5.56476162378897
6.453125 5.57870249375319
6.4609375 5.59265359246964
6.46875 5.60661490659421
6.4765625 5.6205864228175
6.484375 5.63456812786463
6.4921875 5.64856000849519
6.5 5.66256205150302
6.5078125 5.67657424371614
6.515625 5.69059657199659
6.5234375 5.7046290232403
6.53125 5.71867158437697
6.5390625 5.73272424236993
6.546875 5.74678698421603
6.5546875 5.76085979694545
6.5625 5.77494266762169
6.5703125 5.78903558334128
6.578125 5.80313853123383
6.5859375 5.81725149846176
6.59375 5.83137447222026
6.6015625 5.84550743973712
6.609375 5.85965038827263
6.6171875 5.87380330511944
6.625 5.88796617760248
6.6328125 5.90213899307876
6.640625 5.91632173893731
6.6484375 5.93051440259904
6.65625 5.94471697151663
6.6640625 5.95892943317439
6.671875 5.97315177508816
6.6796875 5.98738398480516
6.6875 6.00162604990393
6.6953125 6.01587795799414
6.703125 6.03013969671654
6.7109375 6.0444112537428
6.71875 6.05869261677541
6.7265625 6.07298377354755
6.734375 6.08728471182302
6.7421875 6.10159541939607
6.75 6.11591588409131
6.7578125 6.1302460937636
6.765625 6.14458603629795
6.7734375 6.15893569960938
6.78125 6.17329507164282
6.7890625 6.18766414037301
6.796875 6.20204289380439
6.8046875 6.21643131997095
6.8125 6.23082940693619
6.8203125 6.24523714279295
6.828125 6.25965451566333
6.8359375 6.2740815136986
6.84375 6.28851812507904
6.8515625 6.30296433801388
6.859375 6.31742014074119
6.8671875 6.33188552152775
6.875 6.34636046866895
6.8828125 6.36084497048873
6.890625 6.37533901533941
6.8984375 6.38984259160162
6.90625 6.40435568768423
6.9140625 6.41887829202414
6.921875 6.43341039308633
6.9296875 6.44795197936363
6.9375 6.46250303937668
6.9453125 6.47706356167383
6.953125 6.49163353483101
6.9609375 6.50621294745166
6.96875 6.52080178816662
6.9765625 6.53540004563401
6.984375 6.55000770853919
6.9921875 6.5646247655946
7 6.579251201075
7.0078125 6.59388701269814
7.015625 6.60853218477037
7.0234375 6.62318670611161
7.03125 6.63785056556837
7.0390625 6.65252375201371
7.046875 6.66720625434713
7.0546875 6.68189806149445
7.0625 6.69659916240775
7.0703125 6.71130954606527
7.078125 6.7260292014713
7.0859375 6.74075811765611
7.09375 6.75549628367585
7.1015625 6.77024368861245
7.109375 6.78500032157354
7.1171875 6.79976617169234
7.125 6.81454122812762
7.1328125 6.82932548006355
7.140625 6.84411891670963
7.1484375 6.85892152730064
7.15625 6.87373330109649
7.1640625 6.88855422738217
7.171875 6.90338429546767
7.1796875 6.91822349468785
7.1875 6.9330718144024
7.1953125 6.94792924399574
7.203125 6.9627957728769
7.2109375 6.9776713904795
7.21875 6.99255608626158
7.2265625 7.00744984970562
7.234375 7.02235267031836
7.2421875 7.03726453763075
7.25 7.05218544119789
7.2578125 7.06711537059893
7.265625 7.08205431543698
7.2734375 7.09700226533902
7.28125 7.11195920995584
7.2890625 7.12692513896196
7.296875 7.14190004205552
7.3046875 7.15688390895823
7.3125 7.17187672941525
7.3203125 7.18687849319518
7.328125 7.2018891900899
7.3359375 7.21690880991453
7.34375 7.23193734250737
7.3515625 7.24697477772977
7.359375 7.26202110546611
7.3671875 7.27707631562367
7.375 7.29214039813258
7.3828125 7.30721334294572
7.390625 7.3222951400387
7.3984375 7.33738577940973
7.40625 7.35248525107952
7.4140625 7.36759354509129
7.421875 7.38271065151061
7.4296875 7.39783656042541
7.4375 7.41297126194578
7.4453125 7.42811474620403
7.453125 7.44326700335455
7.4609375 7.45842802357371
7.46875 7.47359779705986
7.4765625 7.48877631403317
7.484375 7.50396356473566
7.4921875 7.51915953943102
7.5 7.53436422840461
7.5078125 7.54957762196337
7.515625 7.56479971043572
7.5234375 7.58003048417154
7.53125 7.59526993354206
7.5390625 7.61051804893979
7.546875 7.62577482077849
7.5546875 7.64104023949304
7.5625 7.65631429553943
7.5703125 7.67159697939461
7.578125 7.68688828155654
7.5859375 7.702188192544
7.59375 7.7174967028966
7.6015625 7.73281380317467
7.609375 7.74813948395923
7.6171875 7.76347373585188
7.625 7.77881654947477
7.6328125 7.79416791547049
7.640625 7.80952782450205
7.6484375 7.8248962672528
7.65625 7.84027323442633
7.6640625 7.85565871674645
7.671875 7.87105270495711
7.6796875 7.88645518982231
7.6875 7.90186616212605
7.6953125 7.9172856126723
7.703125 7.93271353228489
7.7109375 7.94814991180744
7.71875 7.96359474210334
7.7265625 7.97904801405566
7.734375 7.9945097185671
7.7421875 8.00997984655988
7.75 8.02545838897575
7.7578125 8.04094533677586
7.765625 8.05644068094076
7.7734375 8.07194441247031
7.78125 8.08745652238355
7.7890625 8.10297700171879
7.796875 8.1185058415334
7.8046875 8.13404303290384
7.8125 8.14958856692555
7.8203125 8.16514243471293
7.828125 8.18070462739925
7.8359375 8.1962751361366
7.84375 8.21185395209581
7.8515625 8.22744106646645
7.859375 8.24303647045669
7.8671875 8.25864015529331
7.875 8.27425211222159
7.8828125 8.28987233250529
7.890625 8.30550080742659
7.8984375 8.32113752828597
7.90625 8.33678248640225
7.9140625 8.35243567311246
7.921875 8.36809707977179
7.9296875 8.38376669775359
7.9375 8.39944451844924
7.9453125 8.41513053326812
7.953125 8.43082473363758
7.9609375 8.44652711100285
7.96875 8.46223765682701
7.9765625 8.47795636259089
7.984375 8.49368321979309
7.9921875 8.50941821994983
8 8.52516135013032
8.0078125 8.54091261083732
8.015625 8.55667198915296
8.0234375 8.57243947666361
8.03125 8.58821506497307
8.0390625 8.60399874570243
8.046875 8.61979051049014
8.0546875 8.63559035099182
8.0625 8.65139825888031
8.0703125 8.66721422584558
8.078125 8.68303824359466
8.0859375 8.69887030385163
8.09375 8.71471039835753
8.1015625 8.73055851887031
8.109375 8.74641465716482
8.1171875 8.76227880503268
8.125 8.77815095428234
8.1328125 8.7940310967389
8.140625 8.80991922424417
8.1484375 8.82581532865654
8.15625 8.841719401851
8.1640625 8.85763143571902
8.171875 8.87355142216854
8.1796875 8.88947935312392
8.1875 8.90541522052587
8.1953125 8.92135901633143
8.203125 8.93731073251388
8.2109375 8.95327036106273
8.21875 8.96923789398365
8.2265625 8.98521332329843
8.234375 9.00119664104492
8.2421875 9.01718783927698
8.25 9.03318691006447
8.2578125 9.04919384549315
8.265625 9.06520863766466
8.2734375 9.08123127869647
8.28125 9.09726176072182
8.2890625 9.11330007588969
8.296875 9.12934621636475
8.3046875 9.1454001743273
8.3125 9.16146194197323
8.3203125 9.17753151151399
8.328125 9.1936088751765
8.3359375 9.20969402520318
8.34375 9.2257869538518
8.3515625 9.24188765339554
8.359375 9.25799611612286
8.3671875 9.27411233433751
8.375 9.29023630035846
8.3828125 9.30636800651985
8.390625 9.32250744517096
8.3984375 9.33865460867619
8.40625 9.35480948941493
8.4140625 9.3709720797816
8.421875 9.38714237218558
8.4296875 9.40332035905118
8.4375 9.41950603281753
8.4453125 9.43569938593862
8.453125 9.45190041088322
8.4609375 9.46810910013482
8.46875 9.48432544619164
8.4765625 9.50054944156651
8.484375 9.5167810787869
8.4921875 9.53302035039484
8.5 9.54926724894688
8.5078125 9.56552176701404
8.515625 9.58178389718181
8.5234375 9.59805363205005
8.53125 9.61433096423298
8.5390625 9.63061588635916
8.546875 9.64690839107139
8.5546875 9.66320847102672
8.5625 9.67951611889639
8.5703125 9.69583132736576
8.578125 9.71215408913435
8.5859375 9.72848439691571
8.59375 9.74482224343742
8.6015625 9.76116762144106
8.609375 9.77752052368215
8.6171875 9.79388094293011
8.625 9.81024887196824
8.6328125 9.82662430359365
8.640625 9.84300723061725
8.6484375 9.85939764586369
8.65625 9.87579554217133
8.6640625 9.8922009123922
8.671875 9.90861374939196
8.6796875 9.92503404604986
8.6875 9.94146179525869
8.6953125 9.95789698992477
8.703125 9.97433962296791
8.7109375 9.9907896873213
8.71875 10.0072471759316
8.7265625 10.0237120817588
8.734375 10.0401843977761
8.7421875 10.0566641169702
8.75 10.073151232341
8.7578125 10.0896457369014
8.765625 10.1061476236777
8.7734375 10.1226568857093
8.78125 10.1391735160485
8.7890625 10.155697507761
8.796875 10.1722288539252
8.8046875 10.1887675476328
8.8125 10.2053135819881
8.8203125 10.2218669501085
8.828125 10.2384276451244
8.8359375 10.2549956601789
8.84375 10.2715709884279
8.8515625 10.28815362304
8.859375 10.3047435571968
8.8671875 10.3213407840923
8.875 10.3379452969333
8.8828125 10.3545570889393
8.890625 10.3711761533423
8.8984375 10.3878024833868
8.90625 10.40443607233
8.9140625 10.4210769134415
8.921875 10.4377250000033
8.9296875 10.4543803253099
8.9375 10.471042882668
8.9453125 10.4877126653971
8.953125 10.5043896668284
8.9609375 10.521073880306
8.96875 10.5377652991857
8.9765625 10.5544639168359
8.984375 10.5711697266371
8.9921875 10.5878827219818
9 10.6046028918102
9.0078125 10.6213302384902
9.015625 10.6380647509641
9.0234375 10.6548064226726
9.03125 10.6715552470686
9.0390625 10.6883112176169
9.046875 10.7050743277942
9.0546875 10.7218445710892
9.0625 10.7386219410022
9.0703125 10.7554064310456
9.078125 10.7721980347434
9.0859375 10.7889967456315
9.09375 10.8058025572573
9.1015625 10.8226154631802
9.109375 10.839435456971
9.1171875 10.8562625322123
9.125 10.8730966824981
9.1328125 10.8899379014342
9.140625 10.9067861826379
9.1484375 10.9236415197377
9.15625 10.940503906374
9.1640625 10.9573733361983
9.171875 10.9742498028738
9.1796875 10.9911333000748
9.1875 11.0080238214872
9.1953125 11.0249213608081
9.203125 11.0418259117458
9.2109375 11.0587374680201
9.21875 11.0756560233617
9.2265625 11.0925815715128
9.234375 11.1095141062266
9.2421875 11.1264536212675
9.25 11.1434001104111
9.2578125 11.1603535674438
9.265625 11.1773139861633
9.2734375 11.1942813603783
9.28125 11.2112556839083
9.2890625 11.2282369505841
9.296875 11.245225154247
9.3046875 11.2622202887496
9.3125 11.2792223479552
9.3203125 11.2962313257379
9.328125 11.3132472159827
9.3359375 11.3302700125853
9.34375 11.3472997094523
9.3515625 11.364336300501
9.359375 11.3813797796592
9.3671875 11.3984301408656
9.375 11.4154873780696
9.3828125 11.4325514852309
9.390625 11.4496224563202
9.3984375 11.4667002853183
9.40625 11.483784966217
9.4140625 11.5008764930184
9.421875 11.5179748597349
9.4296875 11.5350800603897
9.4375 11.5521920890162
9.4453125 11.5693109396582
9.453125 11.58643660637
9.4609375 11.6035690832162
9.46875 11.6207083642716
9.4765625 11.6378544436215
9.484375 11.6550073153612
9.4921875 11.6721669735964
9.5 11.6893334124431
9.5078125 11.7065066260274
9.515625 11.7236866084854
9.5234375 11.7408733539635
9.53125 11.7580668566182
9.5390625 11.7752671106161
9.546875 11.7924741101337
9.5546875 11.8096878493577
9.5625 11.8269083224847
9.5703125 11.8441355237214
9.578125 11.8613694472842
9.5859375 11.8786100873997
9.59375 11.8958574383043
9.6015625 11.9131114942441
9.609375 11.9303722494754
9.6171875 11.947639698264
9.625 11.9649138348857
9.6328125 11.9821946536259
9.640625 11.9994821487799
9.6484375 12.0167763146527
9.65625 12.0340771455589
9.6640625 12.0513846358229
9.671875 12.0686987797787
9.6796875 12.0860195717699
9.6875 12.1033470061496
9.6953125 12.1206810772807
9.703125 12.1380217795355
9.7109375 12.1553691072959
9.71875 12.1727230549532
9.7265625 12.1900836169083
9.734375 12.2074507875715
9.7421875 12.2248245613626
9.75 12.2422049327105
9.7578125 12.259591896054
9.765625 12.2769854458407
9.7734375 12.2943855765281
9.78125 12.3117922825826
9.7890625 12.3292055584799
9.796875 12.3466253987053
9.8046875 12.3640517977529
9.8125 12.3814847501265
9.8203125 12.3989242503386
9.828125 12.4163702929112
9.8359375 12.4338228723754
9.84375 12.4512819832714
9.8515625 12.4687476201484
9.859375 12.4862197775648
9.8671875 12.5036984500881
9.875 12.5211836322948
9.8828125 12.5386753187702
9.890625 12.5561735041089
9.8984375 12.5736781829144
9.90625 12.591189349799
9.9140625 12.608706999384
9.921875 12.6262311262996
9.9296875 12.6437617251851
9.9375 12.6612987906882
9.9453125 12.6788423174658
9.953125 12.6963923001835
9.9609375 12.7139487335157
9.96875 12.7315116121456
9.9765625 12.7490809307651
9.984375 12.7666566840748
9.9921875 12.7842388667841
10 12.8018274736111
10.0078125 12.8194224992823
10.015625 12.8370239385333
10.0234375 12.8546317861079
10.03125 12.8722460367587
10.0390625 12.8898666852468
10.046875 12.907493726342
10.0546875 12.9251271548226
10.0625 12.9427669654751
10.0703125 12.960413153095
10.078125 12.9780657124859
10.0859375 12.99572463846
10.09375 13.0133899258379
10.1015625 13.0310615694486
10.109375 13.0487395641297
10.1171875 13.0664239047267
10.125 13.084114586094
10.1328125 13.1018116030939
10.140625 13.1195149505973
10.1484375 13.1372246234832
10.15625 13.154940616639
10.1640625 13.1726629249602
10.171875 13.1903915433507
10.1796875 13.2081264667226
10.1875 13.225867689996
10.1953125 13.2436152080994
10.203125 13.2613690159693
10.2109375 13.2791291085504
10.21875 13.2968954807955
10.2265625 13.3146681276655
10.234375 13.3324470441293
10.2421875 13.3502322251641
10.25 13.3680236657547
10.2578125 13.3858213608944
10.265625 13.4036253055841
10.2734375 13.4214354948329
10.28125 13.4392519236578
10.2890625 13.4570745870838
10.296875 13.4749034801438
10.3046875 13.4927385978784
10.3125 13.5105799353363
10.3203125 13.5284274875741
10.328125 13.546281249656
10.3359375 13.5641412166544
10.34375 13.5820073836491
10.3515625 13.599879745728
10.359375 13.6177582979866
10.3671875 13.6356430355282
10.375 13.6535339534639
10.3828125 13.6714310469123
10.390625 13.689334311
10.3984375 13.7072437408612
10.40625 13.7251593316374
10.4140625 13.7430810784784
10.421875 13.761008976541
10.4296875 13.7789430209899
10.4375 13.7968832069975
10.4453125 13.8148295297435
10.453125 13.8327819844153
10.4609375 13.850740566208
10.46875 13.8687052703238
10.4765625 13.8866760919727
10.484375 13.9046530263722
10.4921875 13.9226360687471
10.5 13.9406252143299
10.5078125 13.9586204583601
10.515625 13.9766217960852
10.5234375 13.9946292227595
10.53125 14.0126427336452
10.5390625 14.0306623240114
10.546875 14.0486879891349
10.5546875 14.0667197242997
10.5625 14.084757524797
10.5703125 14.1028013859255
10.578125 14.1208513029911
10.5859375 14.1389072713068
10.59375 14.1569692861931
10.6015625 14.1750373429775
10.609375 14.1931114369949
10.6171875 14.2111915635872
10.625 14.2292777181038
10.6328125 14.2473698959008
10.640625 14.2654680923418
10.6484375 14.2835723027974
10.65625 14.3016825226453
10.6640625 14.3197987472704
10.671875 14.3379209720646
10.6796875 14.3560491924267
10.6875 14.3741834037628
10.6953125 14.3923236014859
10.703125 14.4104697810162
10.7109375 14.4286219377805
10.71875 14.446780067213
10.7265625 14.4649441647546
10.734375 14.4831142258532
10.7421875 14.5012902459638
10.75 14.5194722205481
10.7578125 14.5376601450749
10.765625 14.5558540150196
10.7734375 14.5740538258647
10.78125 14.5922595730996
10.7890625 14.6104712522203
10.796875 14.6286888587299
10.8046875 14.6469123881381
10.8125 14.6651418359614
10.8203125 14.6833771977232
10.828125 14.7016184689537
10.8359375 14.7198656451896
10.84375 14.7381187219746
10.8515625 14.7563776948589
10.859375 14.7746425593995
10.8671875 14.7929133111601
10.875 14.8111899457111
10.8828125 14.8294724586295
10.890625 14.847760845499
10.8984375 14.8660551019097
10.90625 14.8843552234586
10.9140625 14.9026612057492
10.921875 14.9209730443916
10.9296875 14.9392907350023
10.9375 14.9576142732046
10.9453125 14.9759436546282
10.953125 14.9942788749093
10.9609375 15.0126199296907
10.96875 15.0309668146216
10.9765625 15.0493195253577
10.984375 15.0676780575613
10.9921875 15.0860424069009
11 15.1044125690517
11.0078125 15.1227885396952
11.015625 15.1411703145191
11.0234375 15.159557889218
11.03125 15.1779512594923
11.0390625 15.1963504210492
11.046875 15.214755369602
11.0546875 15.2331661008705
11.0625 15.2515826105807
11.0703125 15.270004894465
11.078125 15.288432948262
11.0859375 15.3068667677167
11.09375 15.3253063485802
11.1015625 15.34375168661
11.109375 15.3622027775698
11.1171875 15.3806596172295
11.125 15.3991222013653
11.1328125 15.4175905257594
11.140625 15.4360645862004
11.1484375 15.4545443784829
11.15625 15.4730298984078
11.1640625 15.4915211417821
11.171875 15.5100181044188
11.1796875 15.5285207821373
11.1875 15.5470291707628
11.1953125 15.5655432661267
11.203125 15.5840630640666
11.2109375 15.602588560426
11.21875 15.6211197510546
11.2265625 15.6396566318079
11.234375 15.6581991985476
11.2421875 15.6767474471415
11.25 15.6953013734632
11.2578125 15.7138609733923
11.265625 15.7324262428146
11.2734375 15.7509971776216
11.28125 15.7695737737108
11.2890625 15.7881560269858
11.296875 15.8067439333558
11.3046875 15.8253374887363
11.3125 15.8439366890484
11.3203125 15.8625415302192
11.328125 15.8811520081817
11.3359375 15.8997681188746
11.34375 15.9183898582425
11.3515625 15.9370172222361
11.359375 15.9556502068115
11.3671875 15.9742888079309
11.375 15.9929330215621
11.3828125 16.0115828436789
11.390625 16.0302382702607
11.3984375 16.0488992972927
11.40625 16.0675659207658
11.4140625 16.0862381366767
11.421875 16.1049159410279
11.4296875 16.1235993298273
11.4375 16.1422882990889
11.4453125 16.1609828448321
11.453125 16.179682963082
11.4609375 16.1983886498695
11.46875 16.217099901231
11.4765625 16.2358167132086
11.484375 16.2545390818501
11.4921875 16.2732670032087
11.5 16.2920004733434
11.5078125 16.3107394883186
11.515625 16.3294840442046
11.5234375 16.3482341370768
11.53125 16.3669897630166
11.5390625 16.3857509181106
11.546875 16.4045175984511
11.5546875 16.423289800136
11.5625 16.4420675192684
11.5703125 16.4608507519573
11.578125 16.4796394943167
11.5859375 16.4984337424665
11.59375 16.5172334925318
11.6015625 16.5360387406434
11.609375 16.5548494829371
11.6171875 16.5736657155547
11.625 16.5924874346428
11.6328125 16.6113146363539
11.640625 16.6301473168457
11.6484375 16.6489854722812
11.65625 16.6678290988288
11.6640625 16.6866781926624
11.671875 16.7055327499611
11.6796875 16.7243927669094
11.6875 16.743258239697
11.6953125 16.7621291645191
11.703125 16.7810055375761
11.7109375 16.7998873550737
11.71875 16.8187746132228
11.7265625 16.8376673082397
11.734375 16.8565654363458
11.7421875 16.875468993768
11.75 16.8943779767382
11.7578125 16.9132923814935
11.765625 16.9322122042765
11.7734375 16.9511374413347
11.78125 16.9700680889209
11.7890625 16.989004143293
11.796875 17.0079456007144
11.8046875 17.0268924574532
11.8125 17.0458447097828
11.8203125 17.064802353982
11.828125 17.0837653863345
11.8359375 17.102733803129
11.84375 17.1217076006595
11.8515625 17.140686775225
11.859375 17.1596713231297
11.8671875 17.1786612406828
11.875 17.1976565241984
11.8828125 17.216657169996
11.890625 17.2356631743999
11.8984375 17.2546745337395
11.90625 17.2736912443491
11.9140625 17.2927133025683
11.921875 17.3117407047414
11.9296875 17.3307734472178
11.9375 17.3498115263519
11.9453125 17.3688549385032
11.953125 17.3879036800358
11.9609375 17.4069577473192
11.96875 17.4260171367275
11.9765625 17.4450818446398
11.984375 17.4641518674403
11.9921875 17.4832272015179
12 17.5023078432665
