-3.14159265358979	-1.0119927939424	0.0865537411636609	0.747471863743691	-0.00178437637428663
-3.07812613533545	-1.0049815799251	0.134577106477355	0.765308579607963	-0.0658056678743018
-3.01465961708111	-0.994888878184596	0.183622671381661	0.779647481480641	-0.129284539579763
-2.95119309882678	-0.98165700205462	0.2334616799749	0.790278915565102	-0.192023512814893
-2.88772658057244	-0.965243191229902	0.28385274901102	0.79701501381883	-0.253821917154701
-2.8242600623181	-0.945620367720717	0.334543324933405	0.799692009372376	-0.314476862227201
-2.76079354406376	-0.922777794789778	0.385271282177882	0.798172367731851	-0.373784254462145
-2.69732702580942	-0.89672163029711	0.435766650090467	0.792346703714633	-0.431539852352619
-2.63386050755508	-0.867475366740906	0.485753453959072	0.78213545606697	-0.487540353278293
-2.57039398930074	-0.835080151257602	0.534951653953913	0.767490294175589	-0.541584504480144
-2.5069274710464	-0.799594979922572	0.583079164237179	0.748395234187488	-0.593474230382517
-2.44346095279206	-0.761096761862204	0.629853933165682	0.724867445158945	-0.643015768135992
-2.37999443453772	-0.719680249935487	0.674996064394924	0.69695772952492	-0.690020803008763
-2.31652791628338	-0.675457836053707	0.718229957820956	0.66475066616424	-0.73430759508981
-2.25306139802904	-0.62855921056451	0.759286448685731	0.628364408578954	-0.775702088687431
-2.1895948797747	-0.579130886514272	0.797904922836824	0.587950135146509	-0.814038995814205
-2.12612836152037	-0.527335591002672	0.833835386083948	0.543691152975006	-0.849162845245547
-2.06266184326603	-0.473351527237039	0.8668404658387	0.495801661524862	-0.880928988823793
-1.99919532501169	-0.417371512263013	0.896697323762055	0.44452518678245	-0.909204556952389
-1.93572880675735	-0.359601996673494	0.923199458973302	0.390132701309194	-0.933869355582869
-1.87226228850301	-0.300261973861719	0.946158382486659	0.332920449869488	-0.954816697437839
-1.80879577024867	-0.239581787568811	0.965405144925401	0.273207504490617	-0.971954160731334
-1.74532925199433	-0.177801847564729	0.980791701201132	0.211333076657931	-0.985204269238401
-1.68186273373999	-0.115171264278595	0.99219209771679	0.147653617833364	-0.994505088221858
-1.61839621548565	-0.0519464140460198	0.999503469730793	0.0825397425445224	-0.999810731438285
-1.55492969723131	0.0116105526451553	1.00264683877784	0.0163730108710308	-1.00109177520931
-1.49146317897697	0.0752332469636188	1.00156770244723	-0.0504573907921097	-0.998335576348701
-1.42799666072263	0.138652608241531	0.996236411337275	-0.117558030326037	-0.991546491571492
-1.36453014246829	0.201598487576485	0.986648330598227	-0.184534630571856	-0.98074599686747
-1.30106362421395	0.2638012348445	0.97282378610693	-0.250995448563265	-0.96597270618848
-1.23759710595962	0.324993275526327	0.954807797945533	-0.316554592106312	-0.947282289665361
-1.17413058770528	0.384910664001424	0.932669606444291	-0.380835233468244	-0.924747292426327
-1.11066406945094	0.443294600377834	0.906501998555383	-0.44347268151123	-0.898456855923275
-1.0471975511966	0.499892898495689	0.876420444713053	-0.504117275768894	-0.86851634447597
-0.983731032942258	0.55446139345835	0.842562058568588	-0.562437068682085	-0.83504688050669
-0.920264514687919	0.606765277897394	0.805084394032757	-0.618120265443598	-0.798184792650643
-0.85679799643358	0.656580357152787	0.764164095882256	-0.670877394599316	-0.758080981582238
-0.79333147817924	0.703694214632699	0.719995421762659	-0.72044318665692	-0.714900208986537
-0.729864959924901	0.747907279792083	0.672788654724789	-0.7665781423975	-0.668820315622869
-0.666398441670562	0.789033792417413	0.622768426444786	-0.80906977729852	-0.62003137486811
-0.602931923416223	0.826902658207981	0.570171971985918	-0.847733533382522	-0.568734788486706
-0.539465405161884	0.861358191982041	0.515247337352523	-0.882413354824932	-0.515142331650118
-0.475998886907544	0.892260746188805	0.458251561158858	-0.912981928704767	-0.459475154418477
-0.412532368653205	0.919487223754385	0.399448851488689	-0.939340597281294	-0.40196274700164
-0.349065850398866	0.942931475611263	0.339108778460993	-0.961418953046271	-0.342841876136328
-0.285599332144526	0.962504584537077	0.277504502154141	-0.979174132455516	-0.282355499853113
-0.222132813890187	0.978135038140739	0.214911054391333	-0.992589828609117	-0.220751667764949
-0.158666295635848	0.989768794964694	0.151603691474429	-1.00167504715525	-0.158282413792468
-0.095199777381509	0.997369248705129	0.0878563332966629	-1.00646263327267	-0.0952026479560542
-0.03173325912717	1.0009170964731	0.0239401023958869	-1.00700760068327	-0.0317690535173885
0.03173325912717	1.00041011781599	-0.0398780255386011	-1.00338529620793	0.0317610046487071
0.095199777381509	0.995862871880631	-0.103336450385748	-0.995689435365119	0.0951305550195061
0.158666295635848	0.987306320618195	-0.166180048519091	-0.984030045889419	0.158084072779768
0.222132813890187	0.974787386301809	-0.228161141287452	-0.968531356795759	0.220368507134304
0.285599332144526	0.958368451847021	-0.289040328792487	-0.949329670721367	0.281734278677461
0.349065850398866	0.938126812492845	-0.34858718908665	-0.926571256741964	0.341936243460997
0.412532368653205	0.914154087318996	-0.406580845242118	-0.900410299690151	0.400734620943171
0.475998886907544	0.886555598847966	-0.462810404974437	-0.871006940222949	0.45789588353333
0.539465405161884	0.855449728615841	-0.517075279606174	-0.838525437522347	0.513193605958881
0.602931923416223	0.820967256102745	-0.569185391089962	-0.803132483607429	0.566409273166957
0.666398441670562	0.783250687804282	-0.618961277544151	-0.76499569483848	0.617333045923372
0.729864959924901	0.742453582512883	-0.666234109258212	-0.724282302359679	0.665764483679732
0.79333147817924	0.698739878078066	-0.710845628373621	-0.681158059022494	0.711513224639823
0.85679799643358	0.652283224044133	-0.752648026417721	-0.635786375827832	0.75439962326345
0.920264514687919	0.603266323640924	-0.791503774546504	-0.588327696197855	0.794255345696047
0.983731032942258	0.551880287646907	-0.827285421725736	-0.538939111518644	0.830923923802716
1.0471975511966	0.498324001673698	-0.859875376141913	-0.487774216465941	0.864261268614487
1.11066406945094	0.442803507456899	-0.889165684884157	-0.434983197722788	0.894136144062213
1.17413058770528	0.385531397799673	-0.915057826379622	-0.380713144904966	0.920430601880676
1.23759710595962	0.326726223921923	-0.937462529208018	-0.325108567911465	0.943040378514419
1.30106362421395	0.266611913137973	-0.956299629780282	-0.268312100593942	0.961875254750881
1.36453014246829	0.205417194036443	-0.971497979962343	-0.210465366668392	0.976859378650416
1.42799666072263	0.143375025683712	-0.982995414081878	-0.151709980246409	0.987931552142111
1.49146317897697	0.0807220268311269	-0.99073878290314	-0.0921886503077627	0.995045481415727
1.55492969723131	0.0176979006883164	-0.994684060125304	-0.0320463559291575	0.998169990971085
1.61839621548565	-0.0454551494594472	-0.994796524789773	0.0285684428248216	0.997289200894738
1.68186273373999	-0.108493018655074	-0.9910510207108	0.0895025947130523	0.992402666628864
1.74532925199433	-0.171170317556886	-0.983432291713178	0.150597084798292	0.983525480187757
1.80879577024867	-0.233241013319778	-0.971935389113591	0.211685936478721	0.970688331472817
1.87226228850301	-0.294459098480782	-0.956566145562514	0.272595224173198	0.953937528046647
1.93572880675735	-0.354579291814311	-0.937341707115273	0.333142231292829	0.933334971460369
1.99919532501169	-0.413357774537854	-0.914291113267414	0.39313478598689	0.908958087994435
2.06266184326603	-0.470552964533757	-0.887455912712881	0.452370804359647	0.880899711480637
2.12612836152037	-0.525926330418174	-0.85689080080352	0.510638067455577	0.84926791572978
2.1895948797747	-0.579243246347985	-0.82266426314222	0.567714254353972	0.814185794002548
2.25306139802904	-0.630273887426373	-0.784859208462891	0.623367249260915	0.775791182936827
2.31652791628338	-0.678794164465702	-0.743573572968033	0.677355735607162	0.734236328388248
2.37999443453772	-0.724586695712077	-0.698920877633257	0.729430084933755	0.689687490755883
2.44346095279206	-0.767441811950361	-0.651030719667251	0.779333542859328	0.642324487554596
2.5069274710464	-0.80715859021372	-0.600049179348962	0.826803708766584	0.592340171260743
2.57039398930074	-0.84354591014056	-0.546139123858802	0.871574300117188	0.539939840798694
2.63386050755508	-0.87642352587717	-0.489480390478966	0.913377186604504	0.485340585450221
2.69732702580942	-0.905623145339343	-0.430269832654375	0.951944673783235	0.428770560454405
2.76079354406376	-0.93098950764315	-0.368721213868889	0.987012010475329	0.370468194117569
2.8242600623181	-0.952381448615348	-0.305064936083615	1.01832008924081	0.310681326865157
2.88772658057244	-0.969672943517804	-0.239547591581279	1.0456183046153	0.249666283333162
2.95119309882678	-0.982754115486157	-0.172431329433117	1.0686675297418	0.187686879307224
3.01465961708111	-0.991532197707268	-0.103993030417394	1.08724316854376	0.125013366063348
3.07812613533545	-0.995932437056633	-0.0345232870313151	1.10113823777269	0.0619213154347849
3.14159265358979	-0.995898926797323	0.0356748117933287	1.11016643117695	-0.00130955028625657
