0	0.999975387983887
0.0634665182543393	0.997183674097969
0.126933036508679	0.988875410307961
0.190399554763018	0.975174036454531
0.253866073017357	0.956232094919216
0.317332591271696	0.932229113260434
0.380799109526036	0.903369346816911
0.444265627780375	0.86987941616929
0.507732146034714	0.832005873980366
0.571198664289053	0.790012734798139
0.634665182543393	0.744178999945198
0.698131700797732	0.694796207683153
0.761598219052071	0.642166036489403
0.82506473730641	0.586597986578869
0.88853125556075	0.52840716181293
0.951997773815089	0.467912170931963
1.01546429206943	0.405433163697731
1.07893081032377	0.341290014108326
1.14239732857811	0.275800659420137
1.20586384683245	0.209279600344163
1.26933036508679	0.142036564538911
1.33279688334112	0.0743753324549308
1.39626340159546	0.00659272174597972
1.4597299198498	-0.0610222761088087
1.52319643810414	-0.128189215593766
1.58666295635848	-0.194636783913818
1.65012947461282	-0.26010326686228
1.71359599286716	-0.324336907165654
1.7770625111215	-0.387096169531066
1.84052902937584	-0.448149927120723
1.90399554763018	-0.507277584326617
1.96746206588452	-0.564269150534731
2.03092858413886	-0.618925279073851
2.0943951023932	-0.671057284767006
2.15786162064753	-0.72048715247502
2.22132813890187	-0.767047547776171
2.28479465715621	-0.810581839500225
2.34826117541055	-0.850944142267706
2.41172769366489	-0.887999385514909
2.47519421191923	-0.921623413750985
2.53866073017357	-0.951703121033472
2.60212724842791	-0.978136620899596
2.66559376668225	-1.00083345128722
2.72906028493659	-1.01971481235355
2.79252680319093	-1.03471383358102
2.85599332144527	-1.04577586517349
2.91945983969961	-1.05285878751543
2.98292635795395	-1.05593333140906
3.04639287620828	-1.05498340093595
3.10985939446262	-1.0500063901196
3.17332591271696	-1.04101348410183
3.2367924309713	-1.02802993529084
3.30025894922564	-1.01109530489211
3.36372546747998	-0.990263660390584
3.42719198573432	-0.965603719906004
3.49065850398866	-0.937198934882182
3.554125022243	-0.905147503282136
3.61759154049734	-0.86956230632756
3.68105805875168	-0.83057076282539
3.74452457700602	-0.788314596245425
3.80799109526036	-0.742949510929412
3.87145761351469	-0.694644775100427
3.93492413176903	-0.643582709677632
3.99839065002337	-0.589958083260883
4.06185716827771	-0.533977415007232
4.12532368653205	-0.475858188452199
4.18879020478639	-0.415827980608447
4.25225672304073	-0.354123511879389
4.31572324129507	-0.290989623433025
4.37918975954941	-0.226678189670717
4.44265627780375	-0.161446974277738
4.50612279605809	-0.0955584390402002
4.56958931431243	-0.0292785151420539
4.63305583256677	0.0371246529951703
4.69652235082111	0.103381981106628
4.75998886907544	0.169224725521646
4.82345538732978	0.234385760679932
4.88692190558412	0.298600844178821
4.95038842383846	0.36160986040359
5.0138549420928	0.423158034563263
5.07732146034714	0.482997109878734
5.14078797860148	0.540886481727081
5.20425449685582	0.596594283709794
5.26772101511016	0.649898421853282
5.3311875333645	0.700587554433375
5.39465405161884	0.748462016204255
5.45812056987318	0.79333468706609