0	0	1
0.01	0.01	0.99995
0.0274114386025646	0.0274090522396634	0.999624314095824
0.0520346141913118	0.0520146681836037	0.998646379691096
0.0826116018208048	0.0825259505681464	0.996589084524371
0.117619883710081	0.117364251097921	0.993089293057836
0.155721138365851	0.155117009977985	0.987896731192104
0.19590191246313	0.194686247577419	0.980866532683114
0.23745728928406	0.23527842904477	0.971929367939547
0.279923376397208	0.276340319391249	0.961061640246121
0.323007812189058	0.317490636992506	0.948263679222277
0.366534362665538	0.358464531265905	0.933546135484596
0.410403352418808	0.399073326726305	0.916922359345706
0.454565031394389	0.439177010451352	0.898404495504058
0.49900230485454	0.478666041582839	0.878001639819009
0.543719855900895	0.517449540212274	0.855719014566706
0.588737509082908	0.555447673232808	0.831557555213295
0.634086382249946	0.592586726628162	0.805513571633508
0.679806889984708	0.628795854885187	0.77757829699607
0.725948021812013	0.664004843133258	0.747737210893038
0.772567566101207	0.698142443096145	0.715969048436653
0.819733126647816	0.731134984215446	0.682244399937515
0.867523916375653	0.762905041499091	0.646523772326681
0.91602236419681	0.793363226675567	0.608763717877279
0.96465851704446	0.822032811322719	0.569457574932468
1.01309810186281	0.848652693651876	0.528970561103677
1.06116229682015	0.873096973173	0.487569747460938
1.10876986341307	0.895319553806793	0.445451191531162
1.15589822600503	0.915318649754731	0.402761555027133
1.20255847828625	0.933115199184777	0.359614113883274
1.24877988447965	0.948740306979462	0.316100074133325
1.29460056326249	0.962228270387143	0.272296317756885
1.34006207407091	0.973612930238989	0.22827058277607
1.3852064084254	0.982925936857189	0.184084866150801
1.4300744325736	0.990196077517725	0.13979762721393
1.47470518714361	0.995449163218083	0.0954651973579096
1.51913568004605	0.99870818647417	0.051142672947814
1.56340095381731	0.999993589261629	0.00688447680942956
1.6075342984175	0.999323554439517	-0.0372552894905269
1.65156753550742	0.99671427624915	-0.081222622868574
1.695531333584	0.992180188836412	-0.124963473875744
1.73945553340189	0.98573414409411	-0.168423646523012
1.78336947509228	0.977387536146766	-0.211548721282669
1.82730232557097	0.967150372235785	-0.254283987166192
1.87128340923572	0.955031290165652	-0.296574373304148
1.91534254785677	0.941037521695582	-0.338364373077051
1.95951041777432	0.925174799737204	-0.379597955189316
2.00381893458019	0.907447205116941	-0.420218456522308
2.04830167779039	0.887856945977528	-0.460168451359669
2.09299437098018	0.866404059485875	-0.49938959073754
2.13793543685654	0.843086021110112	-0.537822404221522
2.18316665230019	0.817897240889159	-0.575406054241399
2.22873393624436	0.790828418172978	-0.612078030000493
2.27468831445232	0.76186571523457	-0.64777376354255
2.32108712147894	0.730989694349667	-0.682426144199319
2.36799552400328	0.698173939870591	-0.715964898384007
2.41548848562082	0.66338325235464	-0.748315787957582
2.46365334832628	0.626571249021771	-0.779399559541575
2.51221947497241	0.587979894321789	-0.808910525518044
2.56074301990803	0.548036478640215	-0.836489090506677
2.60897356425076	0.507054737238603	-0.861948273833192
2.65678513987355	0.465264082093528	-0.885206175814119
2.70412832182022	0.422834188974028	-0.906241217579074
2.75099877240728	0.379893805417874	-0.92506421345217
2.79741738749708	0.336544329481276	-0.941701745480969
2.84341816193766	0.292869244007262	-0.95618669127626
2.88904100198554	0.248940496138133	-0.968553093647601
2.93432762414611	0.204822724831981	-0.978833575649827
2.97931933792072	0.160576018121763	-0.987058197018657
3.02405595482218	0.116257688099727	-0.9932540930141
3.06857535548466	0.0719234011391888	-0.997445512209397
3.11291343049745	0.0276278913529311	-0.999654035805298
3.15710422534489	-0.0165745912988614	-0.999898858913517
3.2011801905619	-0.060629998972587	-0.998197070691961
3.24517248134334	-0.104484305488879	-0.994563901947041
3.28911127690175	-0.148083385818657	-0.98901292604525
3.33302610549499	-0.191372928636538	-0.98155620780725
3.3769461703968	-0.234298364468094	-0.972204399090883
3.42090067774352	-0.276804797800779	-0.960966781083134
3.46491917076862	-0.318836935025487	-0.947851253081371
3.50903187745019	-0.360339002009931	-0.932864266370726
3.55327008070813	-0.401254645968136	-0.916010699984943
3.59766652246905	-0.44152681637296	-0.897293672748058
3.64225585555145	-0.48109761910767	-0.876714282958455
3.68707516079396	-0.519908136904439	-0.854271263187469
3.73216455160842	-0.557898207310495	-0.82996053256769
3.77756789480071	-0.595006146790799	-0.80377462209234
3.82333368595802	-0.631168405822802	-0.775701938997485
3.86951613130824	-0.66631913447854	-0.745725822959454
3.91617650784172	-0.700389630244414	-0.713823327575717
3.96338490307298	-0.73330762844347	-0.679963632133046
4.01122248077175	-0.764996378531908	-0.644105945587382
4.05972898902654	-0.795339736045221	-0.606240890006071
4.1083503034495	-0.823875860594835	-0.566853840129364
4.15676276938666	-0.850353166352817	-0.526303691469919
4.20479429002922	-0.87465143912728	-0.484852837400088
4.2523676834112	-0.896727766185535	-0.442694034214323
4.2994626994857	-0.916582004410383	-0.399971691128924
4.34609167909164	-0.934235831647523	-0.356797585965729
4.39228448467957	-0.949720588504874	-0.313261948885268
4.43807945674531	-0.963070543444769	-0.269441037801015
4.48351816834352	-0.97431938248905	-0.225402198837674
4.52864251780559	-0.983498552147203	-0.181207187776677
4.57349323104393	-0.990636627568591	-0.136914319279674
4.61810919532556	-0.995759219103759	-0.0925798411429401
4.66252727095633	-0.99888913822524	-0.0482588044251147
4.70678236839139	-1.00004666731165	-0.00400561052255784
4.75090766565048	-0.999249849705959	0.0401256454912068
4.79493489439838	-0.996514757342142	0.0840809574876843
4.83889465546558	-0.991855715791186	0.127806266551892
4.88281674406384	-0.985285478467262	0.171247362456518
4.92673047659595	-0.976815347501746	0.21434980735698
4.9706650179434	-0.966455241083197	0.257058867924056
5.0146497124168	-0.954213707381992	0.299319446525595
5.05871442440516	-0.940097884352712	0.341076004605275
5.10288989695537	-0.924113403148166	0.382272472689621
5.14720813858766	-0.906264230744082	0.422852141853887
5.1917028510157	-0.88655244464979	0.462757531197618
5.23640991346131	-0.864977929119275	0.501930225004055
5.28136794334213	-0.841537977795606	0.540310671765966
5.32661895879041	-0.816226781769533	0.577837935037547
5.37220917647713	-0.789034773921125	0.614449382886389
5.41818998967701	-0.759947789086217	0.650080298182675
5.4646191881363	-0.728945983403745	0.684663385450036
5.51156250582945	-0.696002432539988	0.718128140511112
5.55909561957588	-0.66108129308248	0.750400035056716
5.60730677823043	-0.624135357084465	0.781399446825109
5.65588193586947	-0.585442417752074	0.810795046237582
5.7043926655805	-0.545421300256769	0.838241266825661
5.75259869450961	-0.504379286701512	0.863559900380585
5.80038041673216	-0.462541135014998	0.886674217580004
5.84769223156633	-0.4200732907671	0.907565508860524
5.89453199803166	-0.377102321499716	0.926246060797248
5.94092179984558	-0.333728185624993	0.942743115643275
5.98689621313042	-0.290033432269707	0.95708976024723
6.03249537257991	-0.246089412842479	0.969320010573099
6.0777610266842	-0.201960392453664	0.979466350426611
6.12273441489723	-0.157706228919174	0.987558656474199
6.16745523246379	-0.113384096000295	0.993623873246864
6.21196122970192	-0.0690495799521204	0.997686068479479
6.25628817078003	-0.0247573713900677	0.999766659585042
6.30046998820324	0.0194383002323917	0.999884696496361
6.34453903769205	0.063483393027425	0.998057140484397
6.38852639986017	0.107323877301729	0.994299109076196
6.43246220029067	0.150905617958382	0.988624073712299
6.47637593471326	0.194174288565729	0.981044005206466
6.52029679502435	0.237075300101326	0.971569465871905
6.56425399737166	0.279553733035229	0.960209648360329
6.60827711700549	0.321554264790344	0.946972360943997
6.65239643706699	0.363021086468397	0.931863957748808
6.69664332058581	0.403897803534633	0.914889210589097
6.7410506171578	0.444127315192159	0.896051116626668
6.78565311844992	0.483651666586978	0.875350632993231
6.83048808021706	0.522411866796628	0.852786325560524
6.87559583337658	0.560347663701083	0.828353913851143
6.92102051349631	0.597397264140878	0.802045687090994
6.96681094772797	0.633496983927516	0.773849756748944
7.01302175215416	0.668580806784539	0.743749097259199
7.05971471290635	0.702579823362404	0.711720306880337
7.10696055478521	0.735421509790447	0.677731991431066
7.15484124733144	0.767028787668382	0.641742629358225
7.20335411643641	0.797258963306867	0.603776692034547
7.25196015418027	0.825664375140575	0.564311867394838
7.30034581104159	0.852002464447611	0.523700978744341
7.3483453731484	0.876158393171252	0.482201941016976
7.39588549939664	0.898092247476604	0.440004356863898
7.44294813558845	0.917805423902748	0.397250487149655
7.48954679539642	0.935320286757649	0.354050682606475
7.53571189958182	0.950668388232043	0.310494244732309
7.58148199119202	0.963883960043342	0.266656838115719
7.62689864960332	0.975000533930196	0.222605436642669
7.67200367929431	0.984049357160788	0.178401567270505
7.71683766860534	0.991058798908791	0.134103407610352
7.76143935575181	0.996054275304738	0.0897671264594908
7.80584545821952	0.999058422843427	0.0454477322616688
7.85009075905627	1.00009136974431	0.00119960648915043
7.89420832860386	0.999171024576423	-0.0429231615025012
7.93822981224428	0.99631334104561	-0.0868665622102101
7.98218574625782	0.991532539642984	-0.130576527195341
8.02610588283145	0.984841278310983	-0.173998832103623
8.07001951657886	0.976250769805299	-0.217079020995881
8.11395581173393	0.965770845584489	-0.259762338505952
8.15794413337808	0.953409966301956	-0.301993660612945
8.20201438886605	0.939175178102254	-0.343717417268551
8.24619738779592	0.923072012330347	-0.384877501345926
8.29052523095629	0.905104324095167	-0.425417158733308
8.33503174108002	0.885274062365939	-0.465278854079809
8.37975295131218	0.863580960765273	-0.50440410578886
8.42472767147202	0.840022133664715	-0.542733282322842
8.46999815799247	0.814591556123651	-0.580205349607782
8.51561092161612	0.787279397933804	-0.616757556070095
8.56161771865537	0.758071170454289	-0.652325037197686
8.6080767886542	0.726946628355195	-0.68684031485207
8.65505442643696	0.693878344135205	-0.72023265683265
8.70262701440338	0.658829836933892	-0.75242724772293
8.75088369928114	0.621753081311237	-0.783344100013493
8.79946800010492	0.582961052262209	-0.812627022618114
8.8479665566317	0.542864220414574	-0.839944098097101
8.89614898908854	0.501763528294306	-0.865125631964973
8.94390188884649	0.459879175132672	-0.888099905386279
8.99118337970007	0.417374448576669	-0.908850987244317
9.03799346130503	0.37437378764444	-0.927392589489411
9.08435537674254	0.330975746231525	-0.943752593944332
9.1303042714456	0.287261962967141	-0.957964290795178
9.17588050599114	0.243303208471982	-0.970061670961423
9.22112586331045	0.199163383395492	-0.980077084396964
9.26608151765132	0.154902121081839	-0.988040231404012
9.31078705370397	0.110576460371091	-0.993977872592573
9.35528009722158	0.0662419093402176	-0.997913901189972
9.39959629130932	0.0219531161393971	-0.999869576442688
9.44376946025803	-0.0222357098033848	-0.999863807969091
9.48783186907647	-0.0662705324034877	-0.997913433306058
9.53181452723572	-0.110097318494922	-0.994033460228684
9.57574750949457	-0.153661923069141	-0.988237261253302
9.61966028126867	-0.196910004816006	-0.980536715762727
9.66358202474339	-0.239786955443352	-0.970942298769727
9.70754196723419	-0.282237831725704	-0.959463116389518
9.75156971668443	-0.3242072824855	-0.946106887701592
9.79569561161451	-0.365639464479797	-0.930879871411436
9.8399510949299	-0.406477941912669	-0.913786733827974
9.88436912321117	-0.446665564287465	-0.894830352206298
9.92898462582723	-0.486144316684629	-0.874011544374476
9.97383503181856	-0.524855135323203	-0.851328711542712
10.0189608874594	-0.562737679362844	-0.826777375907524
10.0644065943675	-0.599730047147817	-0.800349587532898
10.1102213079263	-0.635768421167853	-0.772033165128844
10.1564600500512	-0.670786620397449	-0.741810721385938
10.2031851112277	-0.704715530548892	-0.709658403303121
10.2504678479138	-0.737482370798506	-0.675544247978175
10.2983910288911	-0.769009737513763	-0.639426008831075
10.3469104420689	-0.799129136457696	-0.601361460559132
10.3955018751791	-0.827406728804665	-0.561820685076179
10.4438616480234	-0.853608734847646	-0.521150527696387
10.4918302745463	-0.87762553766264	-0.479604508248
10.5393381606568	-0.899420133931605	-0.437369140651163
10.5863693957715	-0.918995414446724	-0.394584584356193
10.6329386404722	-0.936374410336424	-0.351359795302802
10.6790768636206	-0.951588880189857	-0.307783167749698
10.7248228094664	-0.964673021304258	-0.263929786750176
10.770218066991	-0.97566021691124	-0.219866262584734
10.815304352228	-0.984581522010254	-0.175653898636781
10.8601221220479	-0.991465106789447	-0.131350738550311
10.9047099716362	-0.996336199607379	-0.0870128738495143
10.9491044812111	-0.999217267670113	-0.0426952712570536
10.9933403113276	-1.00012828993187	0.0015477072835269
11.0374504288796	-0.999087044339418	0.0456619780305235
11.0814663965257	-0.996109369870474	0.0895935281682363
11.1254186889284	-0.991209384886749	0.133288279889454
11.1693370176068	-0.984399654359962	0.176691994921119
11.2132506572188	-0.975691303814347	0.219750199471243
11.2571887727052	-0.965094079849426	0.262408116405346
11.301180750831	-0.952616357274148	0.304610595610452
11.345256542415	-0.938265091964508	0.346302035877239
11.3894470237088	-0.922045716929701	0.38742629280053
11.4337843874847	-0.903961976872184	0.427926567513022
11.478302576823	-0.884015693724925	0.467745270715915
11.5230377777247	-0.862206452080925	0.506823855523189
11.5680289909306	-0.8385311887946	0.545102611064048
11.6133187092567	-0.812983664856868	0.582520406461767
11.6589537351302	-0.785553789199712	0.619014371478826
11.704986185007	-0.756226752257347	0.654519495375505
11.7514747447896	-0.724981910160658	0.688968118709617
11.7984862661368	-0.691791335592408	0.722289282844097
11.846097832429	-0.656617914036117	0.75440788708757
11.8943994831321	-0.619412806751199	0.785243580759746
11.9429930657723	-0.580523686952381	0.814415956097468
11.9914800096158	-0.54035274535428	0.841606436178198
12.0396396256533	-0.499194669337029	0.866653627557381
12.0873645697872	-0.457265172944136	0.889490689652704
12.1346166098391	-0.414724442634138	0.910104394398067
12.1813978410506	-0.371694829713921	0.928509840170157
12.2277326431997	-0.328273511579701	0.944735531228283
12.2736567217771	-0.284541234944959	0.958814956234776
12.3192106616052	-0.240568201623807	0.970782082620378
12.3644362824482	-0.196417955332921	0.98066913103628
12.4093746976312	-0.152149909549359	0.988505631052373
12.4540653862383	-0.107820970920344	0.994318165065702
12.4985458543981	-0.0634865708934381	0.998130457095262
12.5428516287408	-0.0192013159754799	0.999963612916898
12.5663706143592	0.0043221243893866	1.00013864711254
